      0/24     7.78G   0.04572    0.0118    0.0231   0.08062         2       800   0.04041    0.2908   0.04546   0.01197   0.04585  0.006067   0.01687
      1/24     10.6G   0.04675   0.01066   0.02255   0.07996         3       800  0.001135    0.1802 0.0002258 3.435e-05   0.05845  0.009657   0.03355
      2/24     10.6G   0.04615    0.0107   0.02197   0.07882         3       800   0.01495    0.1629   0.01143  0.002137   0.04038  0.006024   0.01911
      3/24     10.6G   0.03897   0.01083   0.01999   0.06979         2       800   0.01874    0.2978  0.009698  0.001928   0.05073    0.1152    0.1074
      4/24     10.6G   0.03969    0.0107   0.02022   0.07062         5       800   0.07334     0.126    0.0437   0.01097   0.04788  0.008263   0.07704
      5/24     10.6G   0.03919    0.0107   0.01999   0.06987         4       800    0.2051    0.2948    0.1861   0.05324   0.04064  0.005372   0.01543
      6/24     10.6G   0.03515   0.01082   0.01827   0.06424         4       800    0.2271    0.3037    0.1978   0.04977   0.03523  0.005524   0.01416
      7/24     10.6G   0.03563   0.01069   0.01844   0.06476         2       800    0.2173    0.3892    0.2385   0.07045   0.04147  0.005677   0.01386
      8/24     10.6G   0.03564   0.01079   0.01823   0.06466         4       800     0.277    0.3319    0.2593   0.08039   0.03589  0.005582   0.01333
      9/24     10.6G   0.03513   0.01066   0.01809   0.06388         7       800    0.3615    0.3945    0.3066   0.09001   0.03529  0.005689   0.01236
     10/24     10.6G   0.03243   0.01074   0.01752   0.06069         2       800    0.3912    0.4037    0.3352    0.1087   0.03514  0.005395   0.01201
     11/24     10.6G    0.0324   0.01055   0.01732   0.06028         4       800    0.3858    0.4243    0.3632    0.1112   0.03809  0.005649   0.01135
     12/24     10.6G   0.03328   0.01047   0.01722   0.06097         3       800    0.3968    0.4381    0.3598    0.1162   0.03626  0.005427    0.0112
     13/24     10.6G   0.03152   0.01044   0.01656   0.05853         1       800    0.4129    0.4446    0.3727    0.1284   0.03707  0.005495    0.0113
     14/24     10.6G   0.03234    0.0105   0.01653   0.05937         3       800    0.4049    0.5139    0.4116    0.1438   0.03581  0.005344   0.01061
     15/24     10.6G   0.03197    0.0105   0.01649   0.05896         2       800     0.488    0.5095    0.4712    0.1684   0.03442  0.005415   0.01028
     16/24     10.6G   0.02961   0.01038   0.01594   0.05593         1       800    0.5025    0.5153    0.4922    0.1673   0.03307   0.00534   0.00985
     17/24     10.6G   0.02951   0.01058   0.01614   0.05622         4       800    0.5056    0.5388    0.4983    0.1782   0.03302  0.005385  0.009906
     18/24     10.6G    0.0292   0.01025   0.01568   0.05512         1       800    0.4671    0.5509    0.4462    0.1568   0.03239  0.005324  0.009607
     19/24     10.6G   0.02854   0.01034   0.01515   0.05404         5       800    0.5026    0.5596    0.4978    0.1829   0.03292  0.005298  0.009436
     20/24     10.6G    0.0283   0.01043   0.01505   0.05379         2       800    0.4989    0.5823    0.5106    0.1957   0.03214  0.005278  0.009441
     21/24     10.6G    0.0277   0.01029    0.0147   0.05269         2       800    0.5292    0.5547    0.5303    0.1964   0.03191  0.005216  0.009411
     22/24     10.6G   0.02841   0.01018    0.0151   0.05369         6       800    0.5047    0.5699     0.491    0.1844   0.03122  0.005272  0.009226
     23/24     10.6G   0.02838   0.01012   0.01504   0.05354         4       800    0.5305    0.5778    0.5368     0.201   0.03197    0.0052   0.00911
     24/24     10.6G   0.02774   0.01015   0.01445   0.05234         1       800    0.5461    0.5662    0.5439    0.2123   0.03141  0.005217  0.008939
